150521075
1400915708259696640
76452765
1199183201719259142
1524935707424342016
18061669
151247615
1524549352890404864
1371619745041063937
1514353565510164482
75413121
65493023
1324926274888888320
65707359
117338050
4608082538
62874548
229197216
21509894
2966570782
49217025
3106053616
816652616625168388
702601370344402944
1236122354285072385
1492223898380750852
240760644
872148729184362497
28602948
135623073
1445489540748042256
808416682972770304
2573587962
1415011405544177667
1080885078425784320
218292287
1433165953429393411
5558312
111671288
1397725068738826240
2234890814
2953974395
1740229652
1495789061797203970
1478463836525146122
233693291
50918998
1394328556570882056
234469322
112651673
2393019260
2852998461
1592481150
40039456
1351236267707654145
545030277
30216513
494291143
3018670151
768489333393272832
2426056399
229020620
50152441
15773898
816833925456789505
303633791
809134474243903488
813998038314164228
18973663
18120497
139770510
950783972
43986986
1105326466588323845
1243902714
44251742
1183132214680150016
15764644
2461810448
44774107
816157667882373120
3237898542
1222257180
2543742324
1222586478
193732179
793208286
14386156
1343740146630451200
1122934522134315009
1080851152151953410
438665212
818603688885415937
815985039485837312
746481056145018880
1512654557913890817
245451804
1486015909647036423
796736612554117120
4228409359
774003095617634304
161411080
4895651115
2968007206
30252303
1185070449954148354
1391781110183456773
19739126
15428227
303861808
3612420317
249348006
482713734
43740218
816298918468259841
771152516
1189206039335276544
38254095
169331127
88806753
18907463
1431718014173384706
29501253
133028836
272482466
1291597452357771264
1008760087341514758
2371339658
398193180
818276294328582145
1071102246
334894942
1345103905869455361
1656913327
1352703942107381760
63650107
22509548
2909879002
3180247177
993539467817373696
22559078
3044993235
21059255
1124665360823848961
22545491
138553197
1451293964464701442
248735463
414436134
1072134139560620033
14573926
957475625236815872
267938462
988858472132415489
1262531473057423361
1114694580232904704
4699063596
865315737690284032
1344677401465397249
2355919591
36686040
3166120541
248113252
796736612554117120
4228409359
774003095617634304
1135486501
553863817
1506681400937775106
942156122
377609596
1203799585841266688
1081222837459996672
617266600
1478088096574967808
1089859058
409522947
146082362
1459288390247993347
1128514404
36676406
312134473
917408119222923264
1412320354907811840
1410658003590733825
1069124515
19808819
236279233
2409478435
1482630957085593604
1037321378
316165422
870453485984129028
1260172386
1036705065745010688
224285242
45645232
1446161084893700109
4750779374
1450276237146984454
584012853
583881540
1363893905150812161
1080191866509901826
851477335052140544
946795107381940224
28599820
952540201
737888263264997376
1558841362165800961
1342989756611907584
1201670995435646976
1491262110306689026
1427714928853626891
1230358343841189888
2862577383
34959770
1160914592870150146
1078749802765139968
1542372750
483010877
1393032540345274368
1513235427401953282
278124059
102477372
158583798
85396297
183351637
179999439
1329488035906465793
140519774
893496121
1445538809760784400
1082086081238102018
991721030631780354
822526114337652736
1160243298
31611298
23335644
50452197
155585373
1385273869460639746
817050219007328258
4049197462
1011815911798595584
1462972031180279811
798973032362606600
3404875323
229966028
3001665106
725479123406065664
907654016963837952
1343679195034103808
1217185399166074885
1437884715739062279
1127391888523300865
1343968646050283522
96015533
67309671
1497215994686808064
1378192311151165441
1880674038
756123897783808000
358276033
1719302509
1539230869008830464
1484252226646421505
988942485828308992
957777167600951296
25086658
2750346912
1470431445948715009
730899167740989441
1187106458808324102
1499233137553031170
1540810452745207810
1388270127959973902
1077121945
349296252
1394350988400775169
234014087
1525290402349203463
1380953059463925761
1344325638983987201
1214912699311837184
422050905
3926697793
24317646
818948638890217473
58579942
28632164
1083125649609506816
21924842
818472418620608512
88291132
815952318487298048
3433189197
3092473673
1386669755654934531
556211986
722915993731747841
1140648348
115979444
847112047913586688
1325928411689349120
40282700
134975165
281540744
136526394
37094727
374816353
258046252
814103950404239360
3170031728
20467163
818713465653051392
1730030220
1505279743989628934
4133578035
26051676
95236960
1352287997853622273
1221242033530195970
1426272159018721280
1289262812108337153
1248605771170013184
806583915012046854
694984534249594882
168673083
170341758
111966874
249410485
1486542944987496451
1468242644774043657
1082380458976051202
947956236804337664
1128753232048685066
912322366235119616
234797704
31191969
1505540741984047108
1136709465082945538
1344356576786866176
1267866658586136577
1380979189105430531
2914163523
586191770
521230880873848839
1357017361568694274
1421384162
2973870195
295712099
1237937510124322818
2964287128
385111151
1345461797361504259
36424664
1285392915846619138
1262099252
1284467173
20799998
1081350574589833221
21737536
1505264549062086656
1445657911368192007
1271014376556777472
1237818738344210432
600463589
413160266
76132891
314223728
1078741899572240384
172944579
118926486
1058520120
328679423
1499140561168744451
160378670
1074354529787895808
1456017303435362309
348601984
814179031956488192
62649021
1181782001252212736
1511150244578439168
1482892295703871491
321748989
1485988014761381891
1083472286089396224
66804351
1217270368349630469
789244177
1217134603267399680
1080509366
188403766
1006577189012299776
1082427779583541248
2847603597
539505454
3686482216
3107996233
1339931490
38285038
1343656635907125250
1180124969621168128
7698032
1163566564983148544
2964877294
2282437802
56864092
15949499
1513351955925585927
85896319
1206625951716646912
1071840474
278005891
802784258
1080539438508400642
872156132688711681
1494726748063293443
53442330
234128524
59969802
1480196549837836294
3353699651
816131319033950208
997253315237822468
15530144
1510846521427828736
199325935
267316393
1496998858622218244
1086316494450032640
123563657
234812598
80956768
2179039736
1395091832359596046
2327983291
1346205046036377601
1195472282329735169
1336194495520661505
1500259482705842176
1344845201479663621
1205364420
1082369392229400576
890038958104735744
1492952679697498118
10615232
118740781
1164760658992177155
1080865917377097728
867495243482058755
1123377251121340418
1255198692367388672
1345807954604412929
18131106
340144317
1340783304304410625
18189966
1484667757828452352
1345135363761852416
23764160
1458788429987205120
18632666
18632809
1345825008887721986
963463966944059394
1080516116395499522
950952511556538368
34021624
724790279748743168
854715071116849157
722555010588872705
1394359145818644480
1345850704800468993
1082329240681492481
3298708805
1298624375692894210
216881337
3080004118
1274852794206388225
950226935279443968
1908143071
114607567
1473175596578623494
550401754
1273612350197825536
1481107303877251072
975200486
1216059676372226049
1483642513558802432
389242668
949399485234450438
1089334250
115186195
47226277
816683274076614656
26594419
48441742
3178721502
1294638813592145921
817318453
1441111022283079682
1487095500595765254
1352760304271241218
18582998
1557716582100598785
1547408342318030849
1209417007
2746741969
1382395679700439041
19039789
117955349
843636970538618880
1011053278304591872
1025765747006627841
293156744
1462465989564682251
1080891667308298240
900516768032202752
24193334
14984637
1002275817227980800
1443279497483198469
1506428163794128896
3317799825
3090076743
1377293395333246981
1437944981210161154
82453460
1298346252673994752
1407045653683900422
1081243468327018496
953749679166156800
1507439443694833669
1525976077
1374687650226053122
772891765
1002630999052865536
4696552878
1450575610280128515
163570705
801478506
36077707
2888117976
1422223862578692099
1849261916
2554870803
1422109813530574851
1115051107276021761
1051446626
219010139
942052787059351555
29766367
1512074047600832527
1099135037595766784
1623308912
26653478
1509148901110165510
17993908
704689629
1906282568
1178684689420128258
1344751420139040783
1376252790
1475608283683586048
1508940555002294274
1240066436
1487156409028558849
296245061
818975124460335106
3109108467
32314377
17494010
1872999342
232086658
545453935
1344389506963808264
1138076821533155328
848255386582953985
240812994
550131748
1116715799878733824
925144057843716096
105563123
817076257770835968
182217410
48500146
1510967216
435232010
1122921580210921474
33576489
1397562338753011715
467823431
479017220
1072467470
26283468
22812754
1092782048157331456
1051127714
571214272
1064595993222615040
977247448820305920
40302336
408816873
1079104563280527364
138203134
360737087
892491627088011264
172377413
84119348
153865861
1276403757224546304
164369297
1482014742529155086
1268253109106757633
1530785757744578561
2689507912
1174153996363345921
1407849760221011971
1344349650447433729
1222594021547290624
2970892229
19167833
1506287289810497539
275989559
18785472
260026173
1344750588026900481
757862089
1466119349207449600
1519795900859756547
1133612193017155584
18091773
1352683476718407681
1456251249381289988
2962813893
109579534
797201048490430465
756285384
1496341259539161088
1255593470116474880
993922909
1345147845926670337
1128147829606600706
1404519992582942724
961359779003121665
1495487814120574977
2151608598
1344416719260016641
898787903609765890
1163964650355953665
829745796891291649
1368693584397033484
1468677099594698757
2968451607
1473761198
1350692890788450304
815310506596691968
431105217
1111986921033605120
1511414971552485381
743174311914016768
1078771848882593793
24215154
1458465766844608512
1080898026418384897
811239440916054016
1093918214181060609
1491892268466413568
737657997380472832
3122099613
2340948996
817397255523209217
1511866095103320070
31801993
1265423480
1483755023695855617
1512948996783939591
74508260
515736574
1229426679229165568
2236658947
1155335864
571909015
1080569698536878081
1577754348
1479204365948702722
1545068772779753472
946549322
361569788
913415985591439362
36996328
1058717720
89992368
30063514
1067748650485497862
574799823
844732519966801921
811313565760163844
3145735852
1170886272
389840566
246478393
1111051227524034560
1506481034866544647
402719755
85689484
1079061579973439488
602919981
4776663858
122174004
17907578
1342204720065048576
1330278736554582016
4870048156
1548122112023441409
2293131060
23201727
1517108746509561857
232992031
95546148
1381990130714611715
310310133
130901013
1492838294006247428
242426145
128664931
1378884515049902082
3091316093
248495200
1519087409006362625
1536396443556118528
442824717
555977812
1527281196786409472
1080584229510172678
31013444
173684360
1079802482640019456
915975047545749504
47347923
3698187494
1343597700542038017
914815520842616834
16485498
254082173
15116570
1433110075447648258
240393970
21048033
1079770852302958592
958510641228275712
880480631108644864
61886317
1516486074910007296
188019606
2389877058
1522046593670991872
58784217
776197271134154752
993517303781306369
217543151
81191343
1257761012704579590
296361085
26533227
1549583827865022465
1074782372594413569
140529899
1346910836191739907
1345787285179162624
1237911282440982528
22524054
1028854804087492613
353890966
1262536461670395905
235190657
50036176
1503484967946498052
2291931236
235312723
27775884
1503602686024900614
48375550
1493756595162861569
325609524
1508786299171483654
1081312310059253763
894940941039144962
1378504343406702599
1080477288955826176
93412074
816012124505931780
317386234
902661872121372672
162069635
34884583
93303821
1464256502001188873
1455720390655873025
1430170672068767756
1440271846042001412
594041308
1482174748993986563
1471594836423761922
1139196533419720704
875906810
1126218232392835078
1176185298344120321
1399793223388864514
1303082526085349383
1404349480502239232
1330761111281561601
1378022598752223235
1221166721341579264
1467639586046283777
1185738917435314176
1225469439698702338
2160937697
950180672467034118
957349867164184576
1191128978
1436337665872437251
1303481137562554369
34815005
1342616671056519170
1394980117265453057
1192813637968318465
715271442401628160
1462712765492215811
1259851956
1486636841969274885
1467570015855591434
1683515731
1432318627970179073
1218203858104725511
1112744620247662592
1450866508909928449
930552552302792705
256157258
1029094268542099457
2178511998
857009033882083329
327625079
743601590
1021216905795899392
1197909460678823936
1201953403099893760
373586796
38960144
2756069574
3609064098
323440720
1257667158
3299995136
1124044084669288450
489856457
18197328
1272912622942388229
23725826
1239664741
40557819
918913624395079680
404355121
346964561
20688358
4632984534
89469296
2249022318
170111219
1080894931311431682
1343258042704527362
1366523868253458437
1075904377221722113
156333623
26424123
1341120751399809026
161743731
1341903465610686464
1058051748
1075517806551154689
24735461
80612021
816284664658874368
231510077
1082790600292925440
1347318288850825217
1343627416120532992
1339633259349745670
1077446982
15751083
1039879658400112640
210926192
1080587263132733442
18030431
1078355119920562176
1074129612
818536152588238849
1538990997769707523
2929491549
153944899
873207424303460352
1051396218
1392924521452105729
26146427
851207343303868416
24470466
2164909022
551935844
395419988
26057209
779104195
88784440
1337452596093587462
1072008757
931614483050414080
1344481217685692416
1526060531181682690
1513340405227700227
1465506162472796166
972573936373452803
1495582216205783042
499109830
1210894642465501184
1410590874
1372547853080535040
1032563522515939328
781171647789359104
1462576688773189634
1239733382554300421
1412861054162325504
959532381488238592
1064712948613095424
1454476808594857989
1411475958402535432
1527644981380493313
1486809015615209474
1503130408396931078
46184745
950111395378597888
1112745685810589698
319829219
459051498
1191470062340845568
40264497
882958562296819714
2319503065
130714799
2212905492
125706625
15356407
1080292515939565568
161791703
816181091673448448
1345536897838436353
1072158357237174272
1078771401497161728
2962868158
234057152
1017819745880543238
78445977
1450305894265155593
1531861955035557888
1493294940708696069
1187808818522030080
1455946314655559682
1439690167644672000
1221343864478285824
1199436553824751618
32802230
999123575142465538
3299813970
41225640
158520264
2375967966
130733698
120518554
193441812
862393019173003264
50789200
1206654366758785024
158470209
995193054
404132211
2930635215
17976923
1058917562
815733290955112448
1080462532815532032
58928690
1343646545955213312
293131808
3293413756
1406276460
1487953309638041601
1204361422240649217
841994444
1491350114
1081318716573470720
2964526557
875696058453508096
2580992246
1432728839671750667
1082986449933426688
142332083
540973577
986423555025002497
309070309
1254603163354701824
784965392
1169399788539928576
2432952828
3389296557
1558285818
233737858
1075866219465637888
1075205691621720064
1206227149
1346864195304792065
22669526
1004891731
2976606250
1267841066335682562
815966620300480514
1435822302323695629
1282083250580582400
1422711443170922503
751799352755052544
815241612154417152
41198239
2696643955
1106949340197801986
1458830535879323655
1256761233367281666
23820360
233949261
1520425574530961410
1462493323030155265
146099856
237862972
1159948852813676544
2361650234
2970279814
860547911268139008
1459495909079801860
1078401427347857408
1080174093033455620
1194792199004868610
18674498
1045110018
1247605656024166404
1096586126
1187551973173796866
1344032292432437248
1498317252688592906
861246117689925633
1519298660160442368
391445643
1076161611033968640
1495670657534865409
435331179
1079769536730140672
1522390257215447040
1494703503046057986
56675519
2965326656
2149128326
817138492614524928
720353279176081408
1090016912669581315
95138440
226330560
1100153767708819457
1348683154815655940
3806081652
1417182701346504706
1173978070535024642
1100072194632237056
1417895107915702272
983298182
822521744661458944
1449091346166341636
16256269
61608485
1475838281405321218
1337115670161608712
936626346553413633
1450250240414654464
834069080
127941167
1294053839440695297
1176522535531360257
1912799826
941754604118831105
935033864
723019278
1337037725141258243
27676828
481437062
1468857990287708163
953899742
1416039054454444032
2916086925
1609364557
1390864309018841094
33795371
523276626
124820305
1483859414742405122
382791093
106733567
1484237278339899392
1080515866255593472
964996994623311874
939125177421631488
13491312
466532637
1542228578
719573336381067264
14397803
1363879644504686592
237750442
23775782
825062498458034176
106162639
518644221
313719282
1488999236737941510
1531521632
582070020
1505918221559508992
18166778
15394954
93575832
211530910
81207735
913796543295062016
1148299267481563138
2293028154
742735530287304704
4624539143
581141508
480872337
726873022603362304
51228911
380498919
49069806
1456381091598700556
20609133
1513156222756794373
1037341536592310272
603083228
1871673438
2175836343
976969338
727242919
1466113536619384847
1393186215466254336
48591443
225921757
27044466
1446580126712487936
1397728183164735488
253622823
1067818539179024386
19168067
1440683446313971716
1516959960269271042
1517213689119662085
242772524
389017497
23124635
930529778804826112
1344260196227555334
32289500
1503094727155007488
1409269698542374914
250188760
122124607
558769636
1345788865911656454
1216104257989963776
15954997
1235984397368606720
118612783
3525046823
878119205291180032
4833263702
4669604480
1169638221480939521
3622368202
38531995
1291128363940220928
1091336026851852288
1396080638957084673
1302611901613039617
816303263586914304
4905487413
1445858534143500288
4304448314
231108733
1190692357634772992
90639372
4069841354
567508925
935717078966964228
1422886669619974149
1067541214671577093
961312723035394048
1397619328820862985
1052896620797460481
847098017274613761
1431608684107472902
1069636653353000962
533324996
1181643457011617792
776664410
472315803
1217891120241311745
1080574793630527505
903354645623566340
1498392781085192192
18773159
1141369750821490688
1490722763912495107
41417564
4212470319
999285287812558848
1504072656768974850
1082311988926124036
969328139485802496
4205133682
477223342
18967498
304138251
935368364
113763245
1483689487230242818
227073090
2793021246
462143773
23593446
15838320
1434052620
878984646
3221588438
1503772316525867011
1080222360643485698
411861905
1211735619333808128
891863018195300353
1061310112013434882
39894447
1450529402211688448
516880804
164414525
1494737852629987334
1082334352711790593
783792992
1416469317625974787
2914515430
72431423
1387824293124395008
1344375287484723205
1159929043816460288
1536022344396947456
1352263628771225601
1075830599007510535
883069589722198018
3008735749
18137749
3067974778
1080573351914061825
4851790919
105251964
364415553
1023028026106421248
1276209702322438148
1191327658124165123
1316236981521661955
305620929
757666785244119040
1210009123
960962340
122713203
115149062
22012091
266719387
1026649952
806906355214852096
549579841
174446037
